bestobj = [ 0  1  2  3  4  6  8 11 14 18 22 24 27 30 32 35 36 39 41 44 45 48 50 53 54
 57 59 62]
time_all = [0.07673406600952148, 0.3093099594116211, 0.4100980758666992, 0.5788121223449707, 0.6845309734344482, 1.1700758934020996, 1.2992241382598877, 1.5565030574798584, 1.8582558631896973, 5.757572889328003, 3.5892140865325928, 4.82666802406311, 24.696861028671265, 8.096646070480347, 19.34305500984192, 30.23920202255249, 29.226113080978394, 9.840627908706665, 189.56787586212158, 17.9650399684906, 3635.2449939250946, 3.2395448684692383, 3026.2253420352936, 2.8629939556121826, 2856.635402917862, 4.142380952835083, 14669.63753604889, 3.357767105102539]
