bestobj = [ 1  2  3  4  6  8 11 13 15 17 19 21 23 25 27 29  0  0  0  0]
time_all = [0.7409930229187012, 0.8047590255737305, 1.3380048274993896, 1.7724220752716064, 11.180737018585205, 13.37008810043335, 11.354105949401855, 10.79517388343811, 10.9481041431427, 25.086679935455322, 46.4874107837677, 119.70599603652954, 596.5603439807892, 2218.1845870018005, 12753.11584687233, 36890.72507190704]
