bestobj = [ 1  2  4  6 10 12 14 16 18 20 22 24 26 28 30 32 34 36 38 40 42 44 46 48 50
 52 54 56 58 60 62]
time_all = [0.4190330505371094, 1.3870768547058105, 2.3517229557037354, 3.5193960666656494, 5.319166898727417, 7.688055038452148, 9.571660995483398, 11.307803869247437, 14.976906061172485, 15.805618047714233, 17.628036975860596, 21.793232917785645, 23.597470998764038, 31.077040910720825, 32.39524292945862, 18.812698125839233, 20.24293088912964, 22.09176516532898, 34.283921003341675, 28.628386974334717, 27.618187189102173, 29.497328996658325, 37.45253014564514, 33.71744108200073, 35.60116195678711, 37.64249086380005, 39.974544048309326, 42.04783010482788, 42.035680055618286, 44.26185989379883, 46.75389099121094]
