bestobj = [ 0  2  4  6  8 12 16 22 28 38 46 51 58 64 68]
time_all = [0.20348310470581055, 0.28388404846191406, 0.392319917678833, 0.5564858913421631, 0.7226951122283936, 1.0142011642456055, 1.2983858585357666, 1.6188640594482422, 2.2457849979400635, 51.951550006866455, 49.125054121017456, 62.984439849853516, 7904.99103307724, 17152.96643590927, 28839.575207948685]
