bestobj = [ 0  2  4  6  8 12 16 22 28 36 44 48 56 62 66 72 76 82 86  0  0  0  0]
time_all = [0.3097078800201416, 0.5375549793243408, 0.38757896423339844, 0.5167779922485352, 0.6909561157226562, 1.0555520057678223, 1.2669219970703125, 1.6874949932098389, 2.1062541007995605, 6.138135194778442, 3.759401798248291, 4.643833875656128, 811.595360994339, 847.8675498962402, 820.4524140357971, 6001.777184963226, 8474.55446100235, 16908.12976002693, 14525.424127101898]
