bestobj = [  283   683  1400  2283  3400  4483  5683  7600  8400  9600 10400 11600
 12400 13600 14400]
time_all = [0.5334198474884033, 46.67427396774292, 108.14989495277405, 290.5935859680176, 848.5544579029083, 180.89247107505798, 385.11054491996765, 19934.07250905037, 32.13007307052612, 7569.469295024872, 121.18548202514648, 61001.552287101746, 604.197998046875, 9120.927939891815, 1595.3909270763397]
