bestobj = [ 0  1  2  3  4  6  8 11 14 18 22 24 27 30 32 35 36 39 41 44]
time_all = [0.11064720153808594, 0.3699979782104492, 0.340893030166626, 0.47792887687683105, 0.6573951244354248, 0.8614139556884766, 1.1443889141082764, 1.4562900066375732, 1.9398841857910156, 5.981832981109619, 3.69389009475708, 3.665382146835327, 24.40805983543396, 14.262019872665405, 14.092216968536377, 18.924394130706787, 17.0067400932312, 8.91022801399231, 4.948857069015503, 17.095077991485596]
