bestobj = [  2   4   8  12  20  24  28  32  36  41  46  52  56  62  66  70  74  78]
time_all = [0.8865089416503906, 1.709299087524414, 2.647987127304077, 3.695004940032959, 5.380391836166382, 249.16253995895386, 9.32128119468689, 11.092785835266113, 14.292456865310669, 1298.2512729167938, 437.52143597602844, 310.7831299304962, 21.531883001327515, 18858.911185979843, 2594.311935901642, 370.2627499103546, 20.139580011367798, 628.747181892395]
