bestobj = [ 1  2  3  5  7 10 13 16 18 20 22 24 26 28 30 32]
time_all = [0.5603559017181396, 1.6863248348236084, 3.414170980453491, 68.70404601097107, 61.47731900215149, 143.8286910057068, 114.87369513511658, 270.89826798439026, 27.966334104537964, 123.59959697723389, 76.85867094993591, 19.029380083084106, 74.83452796936035, 15.239635944366455, 16.778093099594116, 18.24285387992859]
