bestobj = [ 2  4  7 10 14 18 25 31 36 41 46 51 56 61 66]
time_all = [0.661262035369873, 0.9323740005493164, 7.684287786483765, 26.92343807220459, 127.80046701431274, 6.079442977905273, 16.94197416305542, 27.57264804840088, 41.251405000686646, 96.15083885192871, 296.69672894477844, 668.7130370140076, 2797.5505969524384, 12410.255904197693, 40989.18033885956]
